2017	05	23	15	GB
2017	05	23	21	GB
2017	05	18	10	PO
2017	05	22	12	FR
2017	05	21	09	USA
2017	05	23	05	USA
2017	05	21	21	GB
2017	05	22	11	PO
2017	05	19	04	BR
2017	05	23	13	FR
2017	05	18	17	PO
2017	05	22	09	BR
2017	05	21	18	FR
2017	05	18	03	FR
2017	05	21	07	ES
2017	05	17	20	PO
2017	05	21	22	FR
2017	05	17	22	PO
2017	05	19	09	GB
2017	05	19	02	ES
2017	05	17	14	RU
2017	05	22	04	FR
2017	05	19	04	ES
2017	05	23	17	RU
2017	05	21	02	ES
2017	05	20	00	ES
2017	05	22	05	GB
2017	05	19	17	RU
2017	05	17	08	GB
2017	05	21	14	BR
2017	05	20	15	RU
2017	05	19	03	ES
2017	05	21	04	USA
2017	05	21	02	BR
2017	05	18	14	GB
2017	05	22	00	GB
2017	05	23	07	GB
2017	05	17	15	FR
2017	05	18	18	ES
2017	05	18	06	ES
2017	05	23	12	FR
2017	05	17	21	BR
2017	05	20	06	RU
2017	05	19	12	BR
2017	05	23	21	PO
2017	05	20	00	FR
2017	05	23	04	BR
2017	05	17	09	PO
2017	05	18	14	FR
2017	05	23	07	PO
2017	05	23	03	PO
2017	05	23	08	USA
2017	05	22	00	RU
2017	05	18	19	GB
2017	05	24	05	ES
2017	05	22	08	GB
2017	05	17	16	ES
2017	05	19	12	ES
2017	05	19	15	USA
2017	05	22	00	BR
2017	05	20	04	RU
2017	05	22	02	RU
2017	05	21	22	RU
2017	05	21	21	RU
2017	05	22	16	FR
2017	05	22	19	ES
2017	05	23	12	FR
2017	05	18	11	GB
2017	05	23	04	USA
2017	05	23	06	BR
2017	05	20	06	GB
2017	05	23	07	USA
2017	05	19	14	USA
2017	05	20	11	BR
2017	05	20	10	FR
2017	05	22	06	GB
2017	05	21	19	FR
2017	05	22	20	USA
2017	05	20	00	FR
2017	05	21	01	ES
2017	05	23	01	BR
2017	05	21	17	GB
2017	05	21	16	FR
2017	05	23	12	ES
2017	05	20	07	USA
2017	05	23	05	FR
2017	05	18	04	RU
2017	05	18	00	GB
2017	05	17	17	RU
2017	05	23	22	RU
2017	05	20	17	BR
2017	05	20	09	PO
2017	05	17	11	FR
2017	05	22	16	ES
2017	05	22	11	PO
2017	05	22	09	FR
2017	05	21	13	USA
2017	05	22	23	GB
2017	05	18	15	GB
2017	05	22	20	PO
2017	05	20	18	GB
2017	05	21	07	ES
2017	05	23	17	FR
2017	05	18	07	USA
2017	05	17	13	BR
2017	05	19	21	PO
2017	05	18	23	GB
2017	05	22	17	BR
2017	05	21	02	PO
2017	05	20	13	ES
2017	05	19	15	ES
2017	05	20	21	USA
2017	05	22	06	USA
2017	05	20	11	RU
2017	05	22	23	FR
2017	05	20	22	FR
2017	05	23	11	BR
2017	05	18	19	PO
2017	05	20	19	GB
2017	05	22	20	BR
2017	05	17	21	PO
2017	05	19	17	FR
2017	05	22	03	GB
2017	05	17	20	FR
2017	05	19	03	USA
2017	05	19	23	BR
2017	05	22	02	ES
2017	05	18	13	RU
2017	05	20	02	GB
2017	05	22	09	USA
2017	05	19	21	USA
2017	05	23	21	RU
2017	05	19	07	USA
2017	05	19	16	RU
2017	05	17	12	RU
2017	05	23	08	PO
2017	05	19	02	USA
2017	05	23	01	FR
2017	05	20	19	USA
2017	05	22	23	ES
2017	05	17	12	ES
2017	05	18	21	RU
2017	05	20	00	GB
2017	05	19	05	GB
2017	05	21	05	ES
2017	05	22	22	RU
2017	05	22	21	PO
2017	05	24	05	RU
2017	05	19	05	FR
2017	05	20	12	USA
2017	05	22	04	BR
2017	05	18	14	PO
2017	05	20	12	ES
2017	05	23	01	PO
2017	05	18	00	USA
2017	05	20	15	GB
2017	05	19	19	ES
2017	05	20	13	USA
2017	05	19	00	GB
2017	05	21	11	FR
2017	05	21	03	USA
2017	05	17	14	GB
2017	05	21	18	ES
2017	05	18	22	PO
2017	05	19	14	ES
2017	05	17	16	BR
2017	05	21	01	BR
2017	05	17	17	GB
2017	05	20	14	PO
2017	05	21	02	GB
2017	05	21	09	RU
2017	05	19	07	FR
2017	05	22	11	ES
2017	05	22	19	ES
2017	05	24	01	USA
2017	05	19	01	BR
2017	05	18	09	USA
2017	05	21	16	PO
2017	05	22	06	GB
2017	05	19	19	ES
2017	05	21	14	FR
2017	05	19	15	GB
2017	05	17	16	FR
2017	05	23	15	ES
2017	05	20	18	BR
2017	05	18	10	GB
2017	05	23	04	USA
2017	05	22	08	PO
2017	05	21	13	USA
2017	05	22	13	GB
2017	05	22	09	GB
2017	05	22	10	RU
2017	05	21	15	PO
2017	05	23	18	USA
2017	05	23	21	BR
2017	05	23	18	RU
2017	05	19	05	GB
2017	05	17	11	PO
2017	05	22	06	PO
2017	05	18	06	USA
2017	05	19	02	PO
2017	05	18	21	PO
2017	05	21	02	ES
2017	05	21	08	GB
2017	05	19	09	ES
2017	05	24	04	GB
2017	05	20	10	PO
2017	05	24	04	PO
2017	05	19	17	RU
2017	05	18	14	RU
2017	05	18	09	PO
2017	05	21	19	BR
2017	05	21	15	GB
2017	05	22	21	ES
2017	05	21	22	BR
2017	05	21	14	PO
2017	05	22	15	USA
2017	05	23	04	ES
2017	05	23	08	USA
2017	05	17	23	PO
2017	05	20	03	BR
2017	05	19	01	PO
2017	05	21	02	ES
2017	05	23	08	PO
2017	05	20	05	GB
2017	05	18	20	ES
2017	05	23	04	BR
2017	05	19	23	RU
2017	05	20	23	USA
2017	05	22	20	BR
2017	05	20	05	RU
2017	05	21	01	PO
2017	05	21	13	FR
2017	05	20	12	FR
2017	05	20	17	RU
2017	05	21	10	BR
2017	05	17	17	USA
2017	05	22	14	ES
2017	05	21	09	FR
2017	05	22	06	RU
2017	05	21	15	ES
2017	05	22	08	BR
2017	05	23	00	RU
2017	05	24	05	RU
2017	05	17	21	GB
2017	05	21	04	BR
2017	05	24	03	RU
2017	05	19	10	GB
2017	05	21	05	ES
2017	05	19	19	RU
2017	05	24	05	ES
2017	05	23	06	USA
2017	05	18	10	USA
2017	05	19	18	PO
2017	05	17	18	ES
2017	05	21	12	USA
2017	05	21	00	GB
2017	05	20	18	ES
2017	05	20	03	RU
2017	05	23	05	PO
2017	05	21	17	RU
2017	05	21	00	BR
2017	05	18	02	BR
2017	05	22	07	PO
2017	05	21	06	BR
2017	05	19	13	BR
2017	05	22	14	BR
2017	05	17	17	BR
2017	05	22	21	GB
2017	05	23	09	GB
2017	05	17	21	GB
2017	05	23	10	FR
2017	05	21	23	BR
2017	05	19	01	RU
2017	05	19	01	BR
2017	05	22	18	RU
2017	05	22	13	RU
2017	05	17	15	GB
2017	05	20	18	PO
2017	05	20	09	PO
2017	05	19	15	RU
2017	05	20	12	PO
2017	05	18	04	USA
2017	05	20	18	GB
2017	05	24	07	FR
2017	05	21	09	PO
2017	05	21	05	GB
2017	05	18	01	GB
2017	05	20	18	FR
2017	05	19	04	GB
2017	05	20	21	BR
2017	05	20	10	USA
2017	05	20	11	FR
2017	05	19	20	RU
2017	05	19	16	FR
2017	05	24	02	GB
2017	05	18	21	RU
2017	05	21	05	FR
2017	05	24	04	PO
2017	05	20	19	RU
2017	05	21	11	ES
2017	05	20	02	ES
2017	05	19	09	USA
2017	05	22	12	ES
2017	05	23	02	USA
2017	05	20	15	PO
2017	05	21	18	FR
2017	05	19	17	BR
2017	05	24	04	RU
2017	05	18	00	GB
2017	05	20	06	RU
2017	05	23	03	USA
2017	05	23	19	BR
2017	05	17	15	FR
2017	05	19	16	FR
2017	05	21	22	ES
2017	05	19	13	USA
2017	05	22	17	PO
2017	05	24	03	RU
2017	05	18	16	GB
2017	05	21	00	BR
2017	05	19	08	USA
2017	05	24	02	ES
2017	05	18	02	USA
2017	05	20	06	PO
2017	05	21	08	RU
2017	05	22	03	RU
2017	05	21	00	RU
2017	05	18	08	USA
2017	05	17	10	RU
2017	05	19	22	USA
2017	05	20	05	GB
2017	05	18	06	BR
2017	05	22	03	FR
2017	05	23	13	RU
2017	05	17	16	BR
2017	05	22	07	FR
2017	05	21	02	RU
2017	05	20	18	FR
2017	05	23	08	RU
2017	05	22	10	PO
2017	05	22	02	RU
2017	05	20	21	USA
2017	05	19	22	USA
2017	05	21	02	FR
2017	05	22	23	RU
2017	05	17	22	ES
2017	05	21	19	RU
2017	05	21	20	ES
2017	05	21	02	FR
2017	05	22	01	GB
2017	05	18	23	ES
2017	05	22	15	RU
2017	05	18	16	RU
2017	05	19	17	ES
2017	05	23	04	USA
2017	05	17	14	PO
2017	05	20	13	PO
2017	05	20	08	FR
2017	05	23	13	ES
2017	05	18	17	BR
2017	05	21	14	BR
2017	05	17	11	FR
2017	05	23	18	GB
2017	05	21	06	FR
2017	05	21	23	PO
2017	05	23	04	ES
2017	05	21	08	USA
2017	05	23	09	GB
2017	05	22	20	BR
2017	05	19	04	FR
2017	05	20	20	USA
2017	05	24	01	RU
2017	05	21	15	FR
2017	05	19	07	PO
2017	05	21	15	BR
2017	05	22	13	ES
2017	05	23	15	BR
2017	05	18	20	RU
2017	05	18	09	GB
2017	05	22	23	PO
2017	05	22	20	PO
2017	05	21	17	FR
2017	05	20	02	USA
2017	05	20	00	FR
2017	05	21	01	ES
2017	05	23	16	GB
2017	05	18	23	FR
2017	05	23	21	FR
2017	05	18	19	FR
2017	05	21	21	GB
2017	05	18	16	USA
2017	05	18	22	PO
2017	05	22	22	BR
2017	05	19	20	RU
2017	05	17	08	BR
2017	05	18	22	USA
2017	05	24	04	ES
2017	05	18	06	RU
2017	05	17	15	GB
2017	05	18	17	ES
2017	05	17	20	PO
2017	05	23	06	USA
2017	05	19	17	GB
2017	05	19	00	BR
2017	05	19	20	RU
2017	05	21	14	ES
2017	05	17	15	BR
2017	05	19	01	BR
2017	05	20	17	BR
2017	05	20	23	GB
2017	05	17	14	RU
2017	05	20	10	FR
2017	05	22	02	FR
2017	05	22	03	ES
2017	05	23	18	PO
2017	05	19	14	PO
2017	05	23	02	BR
2017	05	23	15	USA
2017	05	19	02	GB
2017	05	17	11	GB
2017	05	18	13	USA
2017	05	20	21	USA
2017	05	23	13	RU
2017	05	21	17	BR
2017	05	20	13	FR
2017	05	19	01	GB
2017	05	20	20	FR
2017	05	23	23	GB
2017	05	18	16	ES
2017	05	20	14	RU
2017	05	22	18	FR
2017	05	17	23	GB
2017	05	18	04	BR
2017	05	19	05	RU
2017	05	22	11	PO
2017	05	19	08	RU
2017	05	24	06	FR
2017	05	19	10	PO
2017	05	22	05	FR
2017	05	17	20	FR
2017	05	20	19	USA
2017	05	18	09	PO
2017	05	18	19	FR
2017	05	17	12	USA
2017	05	20	19	GB
2017	05	19	06	GB
2017	05	23	10	BR
2017	05	23	17	GB
2017	05	21	23	BR
2017	05	19	18	ES
2017	05	19	23	FR
2017	05	19	19	USA
2017	05	20	23	GB
2017	05	19	14	RU
2017	05	18	02	BR
2017	05	22	08	RU
2017	05	21	23	PO
2017	05	23	00	FR
2017	05	22	02	BR
2017	05	18	01	PO
2017	05	17	13	PO
2017	05	21	18	BR
2017	05	20	18	RU
2017	05	21	07	GB
2017	05	19	12	USA
2017	05	21	20	BR
2017	05	19	07	GB
2017	05	21	06	RU
2017	05	21	23	USA
2017	05	22	14	PO
2017	05	19	22	PO
2017	05	23	13	BR
2017	05	24	03	USA
2017	05	18	12	FR
2017	05	22	03	FR
2017	05	23	23	RU
2017	05	23	09	BR
2017	05	21	18	FR
2017	05	22	14	ES
2017	05	17	08	RU
2017	05	23	13	GB
2017	05	22	05	FR
2017	05	20	10	GB
2017	05	22	18	PO
2017	05	24	04	FR
2017	05	20	03	USA
2017	05	21	21	BR
2017	05	24	03	FR
2017	05	19	00	RU
2017	05	23	19	ES
2017	05	22	13	FR
2017	05	21	05	PO
2017	05	22	03	GB
2017	05	18	11	FR
2017	05	20	02	ES
2017	05	18	08	USA
2017	05	23	23	ES
2017	05	24	07	ES
2017	05	18	14	BR
2017	05	22	02	USA
2017	05	22	07	FR
2017	05	21	04	GB
2017	05	21	16	GB
2017	05	21	01	GB
2017	05	17	14	RU
2017	05	23	00	RU
2017	05	22	00	FR
2017	05	22	21	USA
2017	05	17	10	PO
2017	05	22	16	PO
2017	05	20	10	GB
2017	05	20	21	FR
2017	05	23	21	USA
2017	05	22	13	USA
2017	05	21	16	ES
2017	05	24	04	USA
2017	05	18	20	USA
2017	05	19	18	FR
2017	05	21	12	USA
2017	05	22	14	PO
2017	05	17	08	GB
2017	05	21	11	BR
2017	05	21	06	BR
2017	05	21	01	USA
2017	05	22	13	PO
2017	05	21	04	FR
2017	05	22	21	RU
2017	05	23	03	RU
2017	05	21	05	ES
2017	05	21	16	BR
2017	05	18	01	USA
2017	05	21	17	RU
2017	05	22	06	ES
2017	05	19	23	USA
2017	05	17	23	PO
2017	05	17	23	BR
2017	05	21	16	GB
2017	05	19	02	GB
2017	05	21	04	USA
2017	05	17	16	RU
2017	05	18	05	PO
2017	05	23	17	GB
2017	05	22	09	USA
2017	05	18	10	GB
2017	05	17	20	PO
2017	05	20	00	RU
2017	05	23	08	BR
2017	05	23	19	RU
2017	05	22	20	FR
2017	05	18	14	USA
2017	05	18	12	ES
2017	05	21	12	ES
2017	05	21	15	GB
2017	05	22	13	PO
2017	05	19	04	RU
2017	05	22	21	FR
2017	05	20	23	BR
2017	05	18	22	FR
2017	05	22	04	ES
2017	05	19	21	USA
2017	05	23	04	PO
2017	05	23	07	GB
2017	05	18	18	GB
2017	05	21	00	PO
2017	05	17	14	FR
2017	05	18	08	USA
2017	05	23	17	USA
2017	05	22	05	USA
2017	05	17	20	PO
2017	05	19	09	PO
2017	05	19	21	ES
2017	05	18	14	FR
2017	05	23	01	FR
2017	05	19	17	GB
2017	05	22	05	PO
2017	05	21	05	USA
2017	05	20	00	ES
2017	05	20	13	ES
2017	05	21	10	ES
2017	05	19	08	BR
2017	05	21	03	FR
2017	05	23	12	USA
2017	05	21	03	RU
2017	05	18	22	FR
2017	05	23	15	USA
2017	05	23	00	RU
2017	05	17	19	GB
2017	05	20	06	ES
2017	05	22	06	GB
2017	05	23	14	ES
2017	05	21	21	RU
2017	05	20	03	USA
2017	05	21	22	GB
2017	05	23	01	PO
2017	05	20	02	PO
2017	05	22	06	RU
2017	05	19	17	PO
2017	05	19	08	PO
2017	05	21	14	USA
2017	05	22	15	GB
2017	05	23	00	ES
2017	05	24	06	GB
2017	05	17	13	FR
2017	05	18	10	USA
2017	05	20	09	ES
2017	05	18	11	USA
2017	05	23	06	ES
2017	05	23	18	BR
2017	05	17	23	GB
2017	05	19	02	FR
2017	05	20	12	FR
2017	05	21	07	GB
2017	05	18	09	USA
2017	05	20	07	ES
2017	05	20	12	FR
2017	05	22	23	ES
2017	05	23	16	GB
2017	05	17	17	BR
2017	05	24	03	PO
2017	05	20	12	BR
2017	05	19	02	BR
2017	05	20	10	ES
2017	05	24	04	RU
2017	05	22	13	FR
2017	05	20	09	ES
2017	05	17	23	FR
2017	05	21	01	USA
2017	05	22	16	ES
2017	05	20	21	BR
2017	05	24	06	GB
2017	05	20	23	PO
2017	05	19	21	PO
2017	05	22	19	ES
2017	05	22	08	BR
2017	05	21	04	PO
2017	05	19	19	USA
2017	05	19	05	ES
2017	05	20	10	FR
2017	05	17	22	FR
2017	05	19	02	BR
2017	05	18	05	PO
2017	05	23	03	BR
2017	05	21	11	FR
2017	05	20	00	FR
2017	05	21	01	PO
2017	05	18	04	GB
2017	05	19	09	PO
2017	05	22	08	USA
2017	05	17	16	ES
2017	05	23	03	PO
2017	05	22	01	FR
2017	05	17	18	PO
2017	05	24	01	USA
2017	05	20	23	RU
2017	05	23	11	FR
2017	05	21	05	PO
2017	05	21	16	ES
2017	05	21	17	BR
2017	05	19	18	GB
2017	05	18	00	RU
2017	05	19	03	BR
2017	05	19	00	GB
2017	05	19	21	BR
2017	05	21	17	FR
2017	05	21	22	BR
2017	05	22	09	ES
2017	05	22	15	FR
2017	05	20	23	BR
2017	05	18	07	ES
2017	05	23	14	RU
2017	05	22	01	ES
2017	05	21	17	ES
2017	05	22	17	FR
2017	05	24	05	PO
2017	05	21	15	RU
2017	05	21	13	PO
2017	05	17	22	USA
2017	05	23	18	BR
2017	05	19	17	ES
2017	05	21	23	RU
2017	05	21	13	USA
2017	05	23	11	BR
2017	05	22	04	USA
2017	05	18	23	BR
2017	05	24	02	USA
2017	05	21	16	PO
2017	05	18	16	RU
2017	05	20	08	RU
2017	05	18	07	BR
2017	05	17	13	PO
2017	05	22	01	BR
2017	05	19	11	ES
2017	05	22	19	PO
2017	05	17	13	BR
2017	05	17	19	ES
2017	05	22	18	BR
2017	05	18	03	GB
2017	05	19	22	PO
2017	05	21	00	BR
2017	05	22	01	RU
2017	05	21	00	GB
2017	05	19	16	RU
2017	05	21	13	BR
2017	05	20	08	USA
2017	05	23	01	GB
2017	05	20	03	RU
2017	05	19	01	RU
2017	05	21	20	RU
2017	05	20	12	PO
2017	05	21	14	ES
2017	05	20	14	GB
2017	05	21	08	USA
2017	05	21	04	FR
2017	05	22	06	RU
2017	05	19	13	USA
2017	05	18	10	RU
2017	05	19	13	PO
2017	05	22	16	USA
2017	05	19	12	FR
2017	05	19	19	USA
2017	05	18	21	GB
2017	05	22	11	FR
2017	05	23	17	ES
2017	05	23	16	GB
2017	05	24	06	BR
2017	05	21	03	USA
2017	05	18	19	BR
2017	05	20	06	GB
2017	05	19	15	BR
2017	05	22	20	PO
2017	05	22	13	GB
2017	05	24	02	PO
2017	05	24	04	PO
2017	05	22	12	PO
2017	05	18	22	GB
2017	05	18	22	PO
2017	05	22	19	FR
2017	05	18	23	RU
2017	05	21	18	FR
2017	05	21	18	RU
2017	05	21	02	ES
2017	05	23	22	PO
2017	05	21	14	BR
2017	05	22	11	ES
2017	05	23	20	RU
2017	05	21	21	USA
2017	05	24	06	USA
2017	05	19	06	PO
2017	05	24	07	FR
2017	05	21	18	USA
2017	05	23	23	PO
2017	05	20	23	GB
2017	05	20	18	ES
2017	05	18	18	GB
2017	05	20	04	BR
2017	05	18	14	BR
2017	05	19	19	FR
2017	05	18	03	ES
2017	05	23	21	PO
2017	05	20	10	FR
2017	05	17	15	BR
2017	05	21	15	BR
2017	05	23	09	ES
2017	05	22	00	BR
2017	05	21	04	USA
2017	05	18	03	BR
2017	05	22	04	GB
2017	05	18	05	BR
2017	05	19	17	RU
2017	05	19	23	ES
2017	05	19	11	PO
2017	05	24	01	USA
2017	05	17	09	FR
2017	05	19	02	PO
2017	05	18	22	BR
2017	05	18	15	RU
2017	05	20	04	ES
2017	05	20	15	GB
2017	05	18	10	BR
2017	05	23	19	PO
2017	05	24	01	BR
2017	05	18	09	FR
2017	05	23	03	ES
2017	05	21	08	ES
2017	05	22	16	PO
2017	05	19	10	ES
2017	05	23	03	USA
2017	05	23	22	GB
2017	05	23	08	ES
2017	05	22	01	ES
2017	05	18	17	BR
2017	05	22	13	BR
2017	05	20	10	GB
2017	05	19	11	ES
2017	05	21	01	ES
2017	05	22	23	ES
2017	05	19	18	GB
2017	05	19	22	FR
2017	05	17	17	BR
2017	05	21	18	BR
2017	05	19	00	PO
2017	05	21	00	PO
2017	05	18	21	FR
2017	05	20	08	ES
2017	05	20	04	BR
2017	05	21	13	BR
2017	05	22	08	BR
2017	05	24	04	FR
2017	05	20	15	GB
2017	05	18	05	PO
2017	05	20	09	ES
2017	05	21	14	RU
2017	05	17	18	BR
2017	05	18	12	USA
2017	05	21	06	ES
2017	05	19	02	GB
2017	05	23	21	GB
2017	05	18	09	ES
2017	05	18	10	USA
2017	05	21	08	ES
2017	05	22	08	GB
2017	05	18	16	RU
2017	05	23	08	ES
2017	05	23	01	GB
2017	05	23	08	GB
2017	05	22	09	GB
2017	05	21	03	BR
2017	05	20	10	RU
2017	05	24	07	RU
2017	05	19	23	GB
2017	05	17	13	BR
2017	05	17	16	PO
2017	05	18	02	PO
2017	05	23	12	PO
2017	05	19	05	USA
2017	05	17	16	PO
2017	05	19	12	ES
2017	05	17	22	GB
2017	05	23	15	ES
2017	05	22	12	RU
2017	05	17	23	BR
2017	05	21	08	RU
2017	05	23	01	FR
2017	05	18	01	PO
2017	05	22	19	PO
2017	05	23	16	PO
2017	05	22	00	FR
2017	05	18	22	USA
2017	05	17	10	GB
2017	05	21	04	GB
2017	05	23	19	BR
2017	05	19	19	USA
2017	05	17	09	BR
2017	05	21	07	ES
2017	05	21	14	GB
2017	05	23	10	ES
2017	05	23	21	ES
2017	05	18	16	PO
2017	05	20	01	USA
2017	05	18	14	ES
2017	05	22	00	ES
2017	05	23	13	ES
2017	05	23	21	FR
2017	05	21	22	FR
2017	05	23	22	ES
2017	05	22	06	RU
2017	05	17	22	RU
2017	05	22	02	GB
2017	05	18	12	BR
2017	05	21	13	BR
2017	05	20	15	FR
2017	05	18	21	PO
2017	05	23	21	ES
2017	05	18	05	ES
2017	05	22	18	RU
2017	05	21	15	ES
2017	05	21	05	RU
2017	05	23	17	ES
2017	05	19	19	GB
2017	05	18	16	GB
2017	05	24	06	PO
2017	05	22	13	FR
2017	05	21	05	PO
2017	05	19	23	BR
2017	05	23	23	FR
2017	05	22	10	ES
2017	05	24	02	USA
2017	05	20	10	ES
2017	05	22	01	PO
2017	05	22	04	USA
2017	05	21	23	GB
2017	05	18	17	BR
2017	05	20	11	GB
2017	05	24	01	ES
2017	05	18	03	USA
2017	05	21	02	ES
2017	05	21	05	BR
2017	05	18	06	PO
2017	05	20	23	ES
2017	05	21	17	ES
2017	05	17	21	RU
2017	05	20	07	GB
2017	05	20	05	GB
2017	05	22	14	FR
2017	05	20	21	GB
2017	05	19	22	ES
2017	05	22	07	USA
2017	05	21	23	GB
2017	05	17	13	GB
2017	05	19	09	PO
2017	05	20	16	PO
2017	05	23	13	RU
2017	05	19	04	USA
2017	05	22	15	FR
2017	05	22	18	BR
2017	05	23	08	PO
2017	05	23	15	RU
2017	05	18	02	GB
2017	05	19	21	GB
2017	05	17	11	GB
2017	05	23	19	PO
2017	05	21	02	PO
2017	05	20	09	ES
2017	05	20	23	PO
2017	05	20	03	ES
2017	05	21	10	PO
2017	05	21	06	RU
2017	05	20	22	RU
2017	05	22	16	GB
2017	05	20	09	GB
2017	05	20	23	BR
2017	05	21	19	ES
2017	05	19	11	ES
2017	05	20	12	GB
2017	05	20	00	FR
2017	05	22	06	PO
2017	05	23	16	ES
2017	05	21	01	RU
2017	05	21	20	USA
2017	05	19	04	RU
2017	05	17	09	RU
2017	05	17	12	GB
2017	05	19	16	GB
2017	05	21	20	RU
2017	05	18	15	USA
2017	05	20	20	RU
2017	05	19	19	RU
2017	05	17	22	USA
2017	05	20	14	GB
2017	05	20	17	GB
2017	05	21	12	USA
2017	05	22	13	ES
2017	05	17	12	FR
2017	05	17	10	ES
2017	05	21	00	BR
2017	05	23	11	PO
2017	05	21	15	GB
2017	05	23	20	FR
2017	05	20	03	BR
2017	05	20	22	RU
2017	05	18	10	PO
2017	05	20	08	BR
2017	05	20	06	PO
2017	05	19	23	ES
2017	05	20	14	ES
2017	05	24	07	GB
2017	05	22	19	GB
2017	05	20	22	GB
2017	05	23	14	BR
2017	05	18	15	ES
2017	05	19	07	GB
2017	05	23	17	BR
2017	05	21	17	BR
2017	05	17	22	RU
2017	05	17	13	USA
2017	05	20	11	USA
2017	05	19	07	ES
2017	05	19	13	PO
2017	05	24	04	USA
2017	05	19	16	PO
2017	05	18	00	RU
2017	05	17	16	RU
2017	05	21	16	PO
2017	05	18	09	ES
2017	05	20	15	RU
2017	05	19	13	BR
2017	05	22	16	BR
2017	05	18	22	ES
2017	05	21	17	USA
2017	05	21	15	FR
2017	05	18	06	USA
2017	05	18	01	FR
2017	05	18	18	RU
2017	05	24	06	USA
2017	05	24	06	PO
2017	05	19	10	USA
2017	05	21	03	PO
2017	05	19	11	GB
2017	05	20	08	GB
2017	05	20	18	BR
2017	05	17	15	BR
2017	05	20	08	PO
2017	05	20	18	GB
2017	05	18	03	USA
2017	05	23	05	PO
2017	05	17	19	GB
2017	05	17	20	BR
2017	05	22	23	PO
2017	05	19	06	BR
2017	05	23	11	BR
2017	05	20	12	BR
2017	05	18	17	GB
2017	05	22	06	RU
2017	05	18	20	GB
2017	05	21	01	ES
2017	05	21	22	FR
2017	05	19	02	RU
2017	05	22	13	BR
2017	05	22	00	BR
2017	05	21	15	RU
2017	05	19	09	ES
2017	05	18	16	ES
2017	05	23	02	FR
2017	05	21	15	RU
2017	05	23	19	USA
2017	05	21	14	RU
2017	05	21	16	PO
2017	05	21	01	ES
2017	05	19	09	GB
2017	05	17	18	BR
2017	05	22	09	GB
2017	05	23	10	RU
2017	05	24	00	BR
2017	05	21	06	FR
2017	05	18	07	BR
2017	05	21	13	USA
2017	05	17	22	BR
2017	05	18	17	RU
2017	05	19	10	USA
2017	05	17	19	USA
2017	05	20	16	USA
2017	05	21	07	USA
2017	05	17	23	USA
2017	05	20	04	FR
2017	05	18	13	ES
2017	05	18	22	ES
2017	05	19	15	RU
2017	05	21	14	PO
2017	05	19	16	GB
2017	05	19	16	ES
2017	05	22	16	GB
2017	05	18	22	GB
2017	05	19	07	ES
2017	05	20	20	USA
2017	05	24	01	PO
2017	05	19	02	GB
2017	05	19	11	GB
2017	05	18	09	FR
2017	05	20	11	GB
2017	05	19	16	ES
2017	05	21	20	FR
2017	05	21	00	USA
2017	05	20	13	GB
2017	05	21	13	GB
2017	05	18	15	ES
2017	05	21	03	USA
2017	05	22	22	ES
2017	05	23	03	RU
2017	05	24	01	GB
2017	05	20	00	BR
2017	05	21	17	ES
2017	05	23	11	BR
2017	05	21	00	GB
2017	05	23	13	GB
2017	05	18	14	PO
2017	05	19	16	BR
2017	05	23	11	PO
2017	05	19	04	ES
2017	05	23	07	GB
2017	05	18	05	GB
2017	05	17	23	RU
2017	05	17	12	RU
2017	05	23	11	PO
2017	05	21	14	BR
2017	05	23	12	GB
2017	05	23	18	ES
2017	05	21	02	PO
2017	05	22	03	GB
2017	05	18	18	PO
2017	05	17	19	USA
2017	05	21	13	BR
2017	05	23	18	FR
2017	05	19	04	USA
2017	05	23	07	USA
2017	05	21	20	FR
2017	05	19	15	BR
2017	05	23	15	GB
2017	05	24	06	ES
2017	05	21	19	ES
2017	05	21	05	GB
2017	05	17	08	FR
2017	05	23	18	RU
2017	05	18	21	FR
2017	05	17	23	PO
2017	05	23	11	GB
2017	05	17	21	PO
2017	05	20	03	PO
2017	05	22	19	FR
2017	05	21	09	GB
2017	05	24	07	GB
2017	05	22	20	GB
2017	05	18	03	BR
2017	05	17	16	ES
2017	05	18	12	ES
2017	05	22	05	FR
2017	05	18	23	RU
2017	05	21	02	RU
2017	05	17	21	GB
2017	05	17	17	USA
2017	05	20	01	BR
2017	05	19	03	USA
2017	05	17	11	PO
2017	05	17	19	BR
2017	05	22	04	USA
2017	05	17	22	FR
2017	05	23	20	RU
2017	05	21	01	FR
2017	05	19	03	GB
2017	05	20	20	PO
2017	05	24	07	PO
2017	05	22	01	GB
2017	05	17	09	BR
2017	05	18	21	ES
2017	05	20	05	PO
2017	05	18	03	USA
2017	05	21	18	ES
2017	05	23	14	RU
2017	05	21	14	GB
2017	05	18	07	PO
2017	05	20	21	BR
2017	05	24	06	BR
2017	05	21	12	BR
2017	05	18	04	BR
2017	05	21	02	FR
2017	05	18	17	RU
2017	05	21	15	USA
2017	05	23	08	ES
2017	05	23	12	ES
2017	05	22	13	ES
2017	05	21	20	USA
2017	05	18	12	GB
2017	05	17	22	GB
2017	05	23	18	FR
2017	05	21	20	USA
2017	05	24	05	USA
2017	05	23	19	FR
2017	05	17	14	RU
2017	05	21	18	GB
2017	05	19	15	RU
2017	05	23	15	RU
2017	05	19	18	FR
2017	05	20	21	FR
2017	05	21	19	BR
2017	05	23	06	ES
2017	05	20	01	ES
2017	05	20	14	GB
2017	05	23	21	BR
2017	05	17	18	FR
2017	05	17	11	USA
2017	05	17	23	GB
2017	05	21	14	ES
2017	05	21	21	BR
2017	05	21	21	USA
2017	05	20	05	BR
2017	05	18	01	FR
2017	05	22	08	BR
2017	05	23	18	ES
2017	05	20	01	BR
2017	05	18	23	GB
2017	05	17	16	GB
2017	05	19	23	GB
2017	05	22	00	FR
2017	05	21	03	PO
2017	05	17	16	FR
2017	05	22	16	BR
2017	05	20	04	USA
2017	05	24	05	ES
2017	05	22	04	RU
2017	05	21	23	FR
2017	05	17	17	ES
2017	05	17	18	PO
2017	05	23	16	RU
2017	05	20	16	GB
2017	05	21	01	PO
2017	05	21	05	FR
2017	05	21	23	USA
2017	05	21	03	ES
2017	05	23	01	PO
2017	05	22	09	GB
2017	05	20	19	USA
2017	05	20	05	GB
2017	05	23	20	BR
2017	05	18	22	BR
2017	05	23	20	USA
2017	05	20	08	RU
2017	05	18	07	USA
2017	05	22	05	ES
2017	05	20	04	PO
2017	05	23	09	RU
2017	05	18	22	ES
2017	05	20	07	BR
2017	05	24	04	USA
2017	05	22	16	FR
2017	05	23	04	RU
2017	05	20	06	ES
2017	05	20	22	RU
2017	05	23	13	GB
2017	05	24	03	PO
2017	05	23	10	RU
2017	05	20	17	USA
2017	05	18	00	ES
2017	05	20	08	RU
2017	05	19	13	RU
2017	05	17	11	RU
2017	05	24	02	FR
2017	05	22	03	GB
2017	05	19	09	BR
2017	05	21	06	RU
2017	05	19	17	FR
2017	05	18	07	ES
2017	05	23	05	GB
2017	05	21	11	USA
2017	05	18	15	FR
2017	05	20	07	PO
2017	05	21	00	PO
2017	05	20	13	RU
2017	05	20	22	ES
2017	05	20	19	ES
2017	05	18	13	PO
2017	05	20	09	GB
2017	05	21	19	USA
2017	05	22	23	PO
2017	05	19	16	GB
2017	05	23	21	BR
2017	05	23	06	USA
2017	05	18	07	BR
2017	05	20	02	FR
2017	05	24	02	ES
2017	05	18	16	PO
2017	05	19	19	USA
2017	05	19	10	ES
2017	05	22	05	GB
2017	05	21	11	GB
2017	05	19	11	ES
2017	05	19	12	USA
2017	05	19	10	USA
2017	05	17	18	ES
2017	05	17	14	PO
2017	05	18	16	ES
2017	05	24	05	GB
2017	05	23	01	FR
2017	05	21	02	USA
2017	05	22	21	FR
2017	05	18	12	USA
2017	05	20	10	RU
2017	05	19	18	ES
2017	05	24	05	RU
2017	05	20	04	BR
2017	05	22	01	USA
2017	05	20	19	RU
2017	05	20	20	RU
2017	05	19	03	RU
2017	05	18	10	FR
2017	05	22	16	USA
2017	05	19	17	PO
2017	05	17	23	RU
2017	05	18	22	BR
2017	05	22	20	BR
2017	05	20	20	RU
2017	05	20	08	PO
2017	05	21	14	USA
2017	05	19	23	USA
2017	05	23	22	FR
2017	05	18	03	PO
2017	05	18	05	FR
2017	05	17	23	BR
2017	05	17	18	RU
2017	05	24	07	GB
2017	05	23	02	FR
2017	05	20	16	RU
2017	05	18	19	ES
2017	05	21	08	USA
2017	05	22	00	FR
2017	05	20	08	FR
2017	05	21	20	FR
2017	05	21	15	RU
2017	05	20	10	BR
2017	05	22	21	PO
2017	05	19	22	RU
2017	05	20	23	PO
2017	05	19	11	FR
2017	05	18	06	BR
2017	05	21	01	FR
2017	05	19	02	USA
2017	05	20	19	ES
2017	05	19	06	RU
2017	05	18	17	BR
2017	05	17	13	BR
2017	05	20	20	RU
2017	05	20	02	RU
2017	05	18	03	FR
2017	05	21	06	USA
2017	05	21	11	BR
2017	05	23	18	PO
2017	05	17	22	RU
2017	05	23	05	FR
2017	05	18	20	RU
2017	05	22	13	USA
2017	05	17	08	RU
2017	05	18	16	RU
2017	05	17	12	FR
2017	05	24	03	FR
2017	05	23	18	FR
2017	05	24	07	PO
2017	05	19	07	USA
2017	05	21	05	GB
2017	05	18	10	ES
2017	05	21	11	GB
2017	05	23	17	ES
2017	05	22	20	ES
2017	05	21	20	BR
2017	05	23	00	GB
2017	05	20	17	FR
2017	05	23	23	USA
2017	05	23	10	FR
2017	05	20	18	RU
2017	05	19	06	USA
2017	05	18	17	USA
2017	05	24	06	ES
2017	05	20	17	GB
2017	05	21	02	ES
2017	05	17	13	BR
2017	05	21	23	PO
2017	05	21	10	ES
2017	05	22	22	PO
2017	05	22	18	FR
2017	05	21	19	PO
2017	05	22	05	PO
2017	05	17	23	USA
2017	05	22	11	BR
2017	05	21	16	GB
2017	05	22	13	BR
2017	05	17	18	RU
2017	05	19	13	PO
2017	05	23	03	USA
2017	05	21	20	GB
2017	05	17	20	BR
2017	05	22	17	PO
2017	05	24	02	FR
2017	05	17	22	PO
2017	05	17	11	GB
2017	05	17	12	FR
2017	05	23	05	BR
2017	05	20	10	GB
2017	05	23	05	USA
2017	05	22	03	GB
2017	05	21	03	BR
2017	05	21	16	GB
2017	05	22	04	FR
2017	05	21	00	USA
2017	05	19	17	USA
2017	05	21	19	GB
2017	05	21	17	FR
2017	05	20	19	GB
2017	05	21	11	ES
2017	05	17	23	ES
2017	05	20	20	BR
2017	05	21	06	RU
2017	05	22	03	GB
2017	05	23	21	ES
2017	05	23	06	BR
2017	05	20	09	BR
2017	05	18	20	FR
2017	05	17	17	GB
2017	05	23	08	GB
2017	05	19	04	PO
2017	05	20	08	ES
2017	05	22	06	PO
2017	05	19	11	PO
2017	05	19	20	PO
2017	05	21	22	BR
2017	05	17	08	ES
2017	05	18	12	RU
2017	05	21	12	FR
2017	05	23	02	PO
2017	05	23	06	ES
2017	05	22	01	USA
2017	05	22	11	PO
2017	05	21	11	USA
2017	05	23	10	PO
2017	05	20	04	FR
2017	05	21	18	USA
2017	05	19	02	USA
2017	05	22	02	GB
2017	05	23	00	BR
2017	05	21	14	BR
2017	05	17	12	FR
2017	05	18	04	USA
2017	05	20	05	BR
2017	05	22	19	ES
2017	05	23	14	FR
2017	05	20	17	RU
2017	05	20	21	FR
2017	05	17	22	RU
2017	05	21	00	BR
2017	05	21	09	FR
2017	05	20	23	USA
2017	05	18	03	BR
2017	05	18	23	USA
2017	05	20	16	BR
2017	05	21	04	RU
2017	05	22	15	ES
2017	05	19	07	BR
2017	05	20	12	ES
2017	05	23	00	ES
2017	05	21	06	RU
2017	05	17	17	FR
2017	05	18	17	ES
2017	05	22	05	ES
2017	05	23	11	RU
2017	05	23	10	BR
2017	05	23	01	USA
2017	05	18	14	BR
2017	05	17	12	ES
2017	05	22	23	USA
2017	05	20	09	FR
2017	05	19	10	FR
2017	05	23	00	BR
2017	05	19	06	USA
2017	05	19	11	BR
2017	05	18	18	BR
2017	05	21	11	BR
2017	05	18	17	ES
2017	05	24	03	RU
2017	05	17	13	GB
2017	05	20	16	USA
2017	05	19	12	PO
2017	05	21	06	ES
2017	05	20	01	FR
2017	05	21	00	FR
2017	05	19	06	FR
2017	05	22	18	ES
2017	05	21	22	USA
2017	05	22	04	USA
2017	05	20	15	GB
2017	05	17	17	BR
2017	05	18	09	PO
2017	05	17	11	RU
2017	05	18	09	ES
2017	05	22	05	GB
2017	05	22	00	RU
2017	05	20	01	RU
2017	05	22	04	BR
2017	05	20	15	FR
2017	05	21	03	GB
2017	05	24	03	USA
2017	05	24	00	FR
2017	05	23	11	USA
2017	05	19	18	USA
2017	05	24	04	ES
2017	05	23	15	RU
2017	05	19	00	PO
2017	05	21	18	FR
2017	05	20	09	FR
2017	05	18	18	BR
2017	05	19	17	FR
2017	05	22	02	RU
2017	05	18	14	ES
2017	05	23	13	FR
2017	05	22	01	FR
2017	05	17	23	ES
2017	05	21	06	ES
2017	05	18	04	ES
2017	05	18	15	ES
2017	05	17	22	RU
2017	05	17	22	USA
2017	05	23	05	FR
2017	05	17	18	FR
2017	05	19	08	USA
2017	05	22	08	FR
2017	05	20	01	RU
2017	05	22	02	RU
2017	05	18	05	RU
2017	05	19	12	FR
2017	05	17	10	FR
2017	05	19	10	BR
2017	05	20	07	RU
2017	05	18	11	FR
2017	05	23	19	FR
2017	05	20	19	BR
2017	05	24	04	FR
2017	05	19	12	RU
2017	05	23	12	BR
2017	05	17	10	PO
2017	05	18	10	BR
2017	05	18	08	PO
2017	05	17	18	ES
2017	05	19	05	RU
2017	05	22	07	RU
2017	05	18	00	GB
2017	05	19	18	RU
2017	05	19	20	USA
2017	05	21	22	GB
2017	05	20	18	RU
2017	05	22	13	ES
2017	05	21	05	BR
2017	05	18	15	USA
2017	05	19	06	FR
2017	05	21	07	USA
2017	05	22	05	BR
2017	05	19	13	PO
2017	05	18	06	FR
2017	05	18	23	FR
2017	05	18	06	BR
2017	05	21	00	GB
2017	05	24	04	FR
2017	05	20	09	PO
2017	05	23	00	BR
2017	05	23	13	RU
2017	05	19	17	USA
2017	05	23	04	USA
2017	05	22	21	BR
2017	05	19	00	USA
2017	05	21	20	PO
2017	05	21	05	ES
2017	05	18	09	FR
2017	05	23	06	PO
2017	05	20	10	USA
2017	05	20	10	ES
2017	05	19	20	BR
2017	05	18	21	USA
2017	05	19	12	USA
2017	05	19	19	RU
2017	05	23	03	GB
2017	05	19	21	GB
2017	05	23	18	FR
2017	05	17	20	GB
2017	05	22	17	FR
2017	05	22	13	FR
2017	05	19	11	GB
2017	05	20	04	PO
2017	05	17	17	USA
2017	05	22	21	RU
2017	05	19	02	USA
2017	05	18	11	RU
2017	05	23	05	RU
2017	05	22	13	PO
2017	05	20	07	RU
2017	05	20	16	RU
2017	05	22	06	FR
2017	05	22	09	ES
2017	05	18	19	RU
2017	05	17	09	ES
2017	05	20	12	BR
2017	05	17	16	GB
2017	05	19	08	USA
2017	05	17	09	GB
2017	05	19	11	BR
2017	05	19	00	GB
2017	05	18	16	FR
2017	05	19	15	ES
2017	05	23	18	GB
2017	05	18	15	PO
2017	05	22	02	BR
2017	05	19	18	FR
2017	05	17	12	FR
2017	05	18	00	GB
2017	05	22	20	GB
2017	05	17	17	GB
2017	05	20	07	USA
2017	05	18	22	USA
2017	05	17	13	GB
2017	05	23	07	RU
2017	05	18	07	BR
2017	05	22	04	USA
2017	05	22	00	PO
2017	05	17	10	RU
2017	05	19	19	GB
2017	05	18	00	USA
2017	05	22	04	FR
2017	05	23	07	GB
2017	05	18	20	BR
2017	05	20	21	USA
2017	05	23	14	RU
2017	05	17	08	PO
2017	05	23	00	BR
2017	05	18	13	USA
2017	05	23	13	PO
2017	05	20	02	FR
2017	05	18	12	PO
2017	05	20	09	USA
2017	05	20	23	PO
2017	05	22	07	PO
2017	05	21	10	FR
2017	05	22	16	RU
2017	05	23	20	FR
2017	05	22	01	GB
2017	05	21	12	USA
2017	05	21	04	ES
2017	05	19	10	USA
2017	05	22	00	RU
2017	05	21	15	BR
2017	05	18	20	ES
2017	05	21	22	USA
2017	05	21	07	PO
2017	05	23	01	RU
2017	05	23	11	PO
2017	05	20	07	GB
2017	05	17	20	BR
2017	05	22	06	ES
2017	05	19	10	GB
2017	05	24	02	FR
2017	05	18	02	USA
2017	05	22	11	BR
2017	05	17	23	RU
2017	05	23	01	USA
2017	05	23	14	BR
2017	05	19	04	USA
2017	05	22	13	GB
2017	05	23	02	FR
2017	05	17	08	FR
2017	05	19	08	FR
2017	05	23	13	BR
2017	05	22	06	RU
2017	05	23	01	RU
2017	05	17	08	BR
2017	05	21	21	FR
2017	05	18	20	PO
2017	05	17	20	GB
2017	05	22	19	PO
2017	05	24	07	BR
2017	05	20	07	ES
2017	05	22	10	RU
2017	05	18	09	ES
2017	05	23	18	ES
2017	05	19	08	FR
2017	05	19	11	PO
2017	05	21	00	USA
2017	05	20	10	FR
2017	05	19	00	USA
2017	05	17	18	BR
2017	05	22	04	ES
2017	05	18	09	BR
2017	05	23	04	FR
2017	05	19	16	USA
2017	05	19	21	BR
2017	05	23	15	PO
2017	05	19	00	PO
2017	05	22	17	USA
2017	05	21	22	PO
2017	05	19	19	BR
2017	05	18	03	ES
2017	05	20	11	GB
2017	05	20	09	USA
2017	05	18	21	USA
2017	05	21	22	ES
2017	05	23	15	ES
2017	05	20	20	FR
2017	05	20	13	PO
2017	05	23	16	ES
2017	05	21	16	GB
2017	05	18	22	BR
2017	05	23	17	BR
2017	05	18	16	BR
2017	05	17	15	FR
2017	05	23	15	BR
2017	05	18	10	FR
2017	05	20	06	BR
2017	05	23	01	RU
2017	05	19	17	USA
2017	05	18	05	PO
2017	05	20	21	PO
2017	05	20	04	PO
2017	05	22	16	FR
2017	05	23	15	ES
2017	05	17	14	BR
2017	05	18	22	PO
2017	05	21	00	USA
2017	05	21	00	ES
2017	05	22	01	ES
2017	05	20	12	FR
2017	05	19	21	BR
2017	05	22	10	FR
2017	05	17	07	ES
2017	05	20	18	ES
2017	05	19	21	GB
2017	05	19	07	BR
2017	05	23	04	ES
2017	05	24	04	GB
2017	05	22	04	FR
2017	05	23	17	BR
2017	05	19	13	ES
2017	05	22	09	FR
2017	05	22	01	FR
2017	05	22	11	GB
2017	05	20	05	FR
2017	05	19	02	USA
2017	05	24	06	GB
2017	05	20	01	GB
2017	05	18	16	USA
2017	05	23	08	FR
2017	05	19	12	GB
2017	05	23	14	GB
2017	05	22	16	BR
2017	05	19	23	BR
2017	05	19	10	USA
2017	05	18	17	USA
2017	05	23	13	GB
2017	05	22	21	FR
2017	05	21	11	ES
2017	05	22	00	FR
2017	05	23	16	PO
2017	05	23	09	PO
2017	05	20	04	RU
2017	05	21	16	FR
2017	05	22	21	PO
2017	05	19	21	ES
2017	05	18	03	GB
2017	05	22	13	GB
2017	05	22	19	FR
2017	05	19	12	PO
2017	05	22	19	RU
2017	05	18	01	BR
2017	05	20	08	PO
2017	05	22	00	BR
2017	05	22	22	BR
2017	05	23	21	PO
2017	05	18	23	PO
2017	05	20	23	USA
2017	05	21	16	GB
2017	05	21	06	PO
2017	05	22	20	PO
2017	05	17	10	FR
2017	05	21	21	GB
2017	05	18	07	RU
2017	05	23	06	PO
2017	05	20	00	BR
2017	05	21	05	FR
2017	05	22	03	PO
2017	05	24	02	ES
2017	05	23	04	ES
2017	05	21	02	FR
2017	05	19	06	USA
2017	05	20	05	RU
2017	05	22	18	BR
2017	05	22	12	USA
2017	05	19	21	BR
2017	05	21	11	BR
2017	05	22	21	USA
2017	05	22	00	USA
2017	05	18	11	RU
2017	05	19	18	GB
2017	05	17	12	PO
2017	05	20	18	BR
2017	05	21	00	RU
2017	05	23	18	USA
2017	05	19	19	PO
2017	05	18	00	ES
2017	05	17	19	BR
2017	05	23	14	PO
2017	05	20	20	FR
2017	05	21	20	FR
2017	05	24	05	PO
2017	05	24	00	BR
2017	05	18	23	PO
2017	05	19	10	USA
2017	05	23	02	PO
2017	05	18	11	USA
2017	05	18	20	PO
2017	05	19	21	GB
2017	05	22	18	PO
2017	05	18	16	USA
2017	05	20	11	USA
2017	05	22	19	PO
2017	05	20	17	GB
2017	05	18	20	GB
2017	05	18	08	GB
2017	05	23	23	RU
2017	05	21	13	FR
2017	05	20	05	BR
2017	05	23	06	FR
2017	05	21	19	USA
2017	05	17	14	GB
2017	05	19	19	ES
2017	05	24	04	BR
2017	05	18	19	USA
2017	05	22	23	PO
2017	05	17	08	GB
2017	05	23	11	FR
2017	05	17	21	ES
2017	05	20	03	ES
2017	05	20	11	ES
2017	05	22	22	GB
2017	05	21	15	PO
2017	05	17	17	GB
2017	05	23	21	USA
2017	05	18	10	BR
2017	05	24	05	USA
2017	05	23	14	PO
2017	05	21	15	FR
2017	05	20	16	USA
2017	05	18	12	PO
2017	05	18	13	RU
2017	05	18	12	RU
2017	05	17	15	USA
2017	05	24	02	FR
2017	05	18	16	FR
2017	05	24	04	FR
2017	05	21	13	ES
2017	05	20	22	PO
2017	05	18	17	ES
2017	05	22	06	FR
2017	05	20	19	BR
2017	05	21	08	USA
2017	05	21	13	USA
2017	05	20	05	PO
2017	05	18	07	RU
2017	05	19	02	FR
2017	05	17	17	BR
2017	05	20	12	RU
2017	05	19	09	USA
2017	05	22	04	RU
2017	05	20	23	FR
2017	05	18	00	PO
2017	05	23	02	BR
2017	05	22	14	GB
2017	05	21	18	USA
2017	05	18	23	PO
2017	05	21	11	RU
2017	05	20	06	PO
2017	05	18	05	USA
2017	05	21	09	RU
2017	05	19	00	RU
2017	05	18	03	USA
2017	05	19	03	FR
2017	05	17	19	PO
2017	05	20	09	USA
2017	05	22	19	GB
2017	05	18	09	GB
2017	05	20	22	BR
2017	05	17	21	RU
2017	05	17	13	USA
2017	05	18	11	USA
2017	05	19	14	RU
2017	05	22	16	FR
2017	05	23	19	PO
2017	05	21	15	BR
2017	05	19	22	FR
2017	05	19	21	RU
2017	05	20	14	PO
2017	05	17	13	ES
2017	05	19	04	USA
2017	05	19	11	GB
2017	05	17	09	BR
2017	05	20	04	GB
2017	05	17	23	ES
2017	05	20	00	GB
2017	05	19	13	RU
2017	05	23	04	RU
2017	05	19	11	USA
2017	05	18	13	RU
2017	05	23	02	BR
2017	05	22	23	USA
2017	05	24	02	USA
2017	05	17	14	ES
2017	05	24	06	RU
2017	05	19	05	ES
2017	05	23	19	ES
2017	05	21	13	BR
2017	05	23	22	ES
2017	05	22	05	BR
2017	05	18	07	RU
2017	05	21	19	RU
2017	05	20	14	BR
2017	05	19	01	GB
2017	05	21	15	USA
2017	05	19	19	USA
2017	05	20	01	GB
2017	05	17	19	BR
2017	05	18	20	GB
2017	05	17	10	RU
2017	05	23	13	USA
2017	05	19	17	ES
2017	05	18	13	BR
2017	05	20	06	BR
2017	05	19	16	USA
2017	05	23	07	GB
2017	05	20	00	RU
2017	05	18	18	BR
2017	05	23	21	FR
2017	05	22	13	ES
2017	05	24	00	FR
2017	05	18	15	GB
2017	05	21	01	PO
2017	05	18	18	GB
2017	05	21	02	USA
2017	05	24	03	PO
2017	05	21	14	FR
2017	05	20	20	FR
2017	05	24	06	ES
2017	05	24	02	USA
2017	05	19	05	ES
2017	05	19	10	BR
2017	05	22	12	BR
2017	05	23	03	FR
2017	05	19	09	PO
2017	05	18	11	RU
2017	05	23	13	BR
2017	05	19	02	RU
2017	05	18	19	FR
2017	05	20	18	USA
2017	05	21	18	RU
2017	05	17	14	RU
2017	05	18	06	FR
2017	05	17	09	FR
2017	05	18	09	RU
2017	05	24	04	GB
2017	05	22	13	USA
2017	05	21	15	USA
2017	05	21	07	BR
2017	05	18	23	RU
2017	05	17	09	FR
2017	05	21	10	PO
2017	05	22	00	FR
2017	05	19	09	FR
2017	05	17	08	RU
2017	05	22	14	ES
2017	05	23	16	GB
2017	05	19	18	GB
2017	05	21	23	PO
2017	05	22	17	FR
2017	05	21	00	USA
2017	05	20	21	FR
2017	05	23	05	ES
2017	05	23	01	BR
2017	05	18	09	BR
2017	05	20	13	RU
2017	05	24	03	BR
2017	05	20	01	USA
2017	05	20	02	BR
2017	05	20	21	BR
2017	05	18	22	ES
2017	05	23	18	FR
2017	05	22	12	PO
2017	05	19	23	GB
2017	05	19	22	GB
2017	05	23	11	RU
2017	05	21	14	RU
2017	05	18	12	PO
2017	05	23	21	PO
2017	05	20	08	FR
2017	05	19	15	RU
2017	05	23	14	FR
2017	05	20	09	BR
2017	05	19	11	USA
2017	05	19	12	GB
2017	05	19	11	ES
2017	05	19	03	USA
2017	05	21	22	GB
2017	05	21	04	USA
2017	05	18	17	ES
2017	05	19	08	FR
2017	05	21	19	FR
2017	05	21	15	GB
2017	05	19	04	RU
2017	05	21	04	PO
2017	05	17	11	PO
2017	05	24	00	FR
2017	05	19	16	ES
2017	05	23	20	USA
2017	05	18	09	PO
2017	05	22	01	RU
2017	05	20	17	GB
2017	05	20	03	USA
2017	05	19	00	BR
2017	05	21	04	USA
2017	05	18	11	BR
2017	05	23	09	ES
2017	05	20	12	USA
2017	05	20	09	ES
2017	05	22	14	PO
2017	05	21	00	RU
2017	05	19	08	FR
2017	05	17	11	ES
2017	05	19	02	USA
2017	05	22	22	PO
